Majority
Precision: 0.17208043663758502
Recall: 0.41482576851481356
F1: 0.24325317117278858

Random
Precision: 0.2562335446851363
Recall: 0.1603659001703573
F1: 0.18391689901944733

Stratified
Precision: 0.2682045878757494
Recall: 0.27016967479555115
F1: 0.2690951364557868

SVM
Precision: 0.6073853460940708
Recall: 0.6295209253090988
F1: 0.5831260591353641

