Majority
Precision: 0.1092345549360525
Recall: 0.33050608674267046
F1: 0.1641998236722798

Random
Precision: 0.20862416943735368
Recall: 0.15213448802852778
F1: 0.1626640444707844

Stratified
Precision: 0.22416842200933448
Recall: 0.22528782475802345
F1: 0.22441347546091256

SVM
Precision: 0.5609288948739806
Recall: 0.5913081665993289
F1: 0.5478319094600091

