Majority
Precision: 0.27314794571295015
Recall: 0.5226355654369371
F1: 0.35878308033857853

Random
Precision: 0.3312315901012393
Recall: 0.09121327454748716
F1: 0.12012347599354418

Stratified
Precision: 0.31537836933834
Recall: 0.31969928778686363
F1: 0.31743049371193327

SVM
Precision: 0.5621860899182136
Recall: 0.6447785481905767
F1: 0.5721761764280434

