Majority
Precision: 0.1391800554556574
Recall: 0.3730684326710817
F1: 0.20272850521354602

Random
Precision: 0.2171672005385447
Recall: 0.09300956585724798
F1: 0.11456575673869779

Stratified
Precision: 0.2179361288255775
Recall: 0.21927888153053715
F1: 0.2184433879354856

SVM
Precision: 0.6161977264441822
Recall: 0.6256070640176601
F1: 0.5679108277784554

