Majority
Precision: 0.40407896033351953
Recall: 0.635671829675442
F1: 0.49408295034625493

Random
Precision: 0.4367297150293122
Recall: 0.10390071698319742
F1: 0.14096148275748446

Stratified
Precision: 0.4252294929091361
Recall: 0.42951288927809095
F1: 0.4271649974048187

SVM
Precision: 0.6628164386255554
Recall: 0.7177395873241749
F1: 0.6528562632498274

