Majority
Precision: 0.6181973555151696
Recall: 0.7862552145621651
F1: 0.6921712939662167

Random
Precision: 0.6187377204347995
Recall: 0.09726347311028034
F1: 0.14648835294314824

Stratified
Precision: 0.6245087645921461
Recall: 0.6552138088197904
F1: 0.639307190006203

SVM
Precision: 0.6946245025875863
Recall: 0.8008160613223093
F1: 0.7225855127111219

