Majority
Precision: 0.0959393424968836
Recall: 0.30974076583183596
F1: 0.14650126925882598

Random
Precision: 0.16420628854668864
Recall: 0.040686633749487666
F1: 0.05832100842655551

Stratified
Precision: 0.1590289244264822
Recall: 0.15787220059839246
F1: 0.1584375216029762

SVM
Precision: 0.329297380316796
Recall: 0.3591863449200481
F1: 0.29202165732800145

