Majority
Precision: 0.05810990420135615
Recall: 0.24105995437463493
F1: 0.09364560202786965

Random
Precision: 0.119512638592298
Recall: 0.07343574574695923
F1: 0.08313296674245775

Stratified
Precision: 0.1280672392021955
Recall: 0.1270153091100115
F1: 0.1275127347525312

SVM
Precision: 0.4147773096099819
Recall: 0.42822514097209213
F1: 0.3818349497107986

