Majority
Precision: 0.04817363322759889
Recall: 0.21948492685465493
F1: 0.07900652501777516

Random
Precision: 0.10087172430537476
Recall: 0.03265795257514836
F1: 0.044407092066285535

Stratified
Precision: 0.10422637270360892
Recall: 0.10317158797887963
F1: 0.1036762459057504

SVM
Precision: 0.4290840021774677
Recall: 0.42588712254810135
F1: 0.38252252459714037

