Majority
Precision: 0.04729992361579698
Recall: 0.21748545206048084
F1: 0.07770100737356879

Random
Precision: 0.10071917400248655
Recall: 0.032481752697898436
F1: 0.044003075598951356

Stratified
Precision: 0.10578872225030621
Recall: 0.1043352204292849
F1: 0.1050226009991319

SVM
Precision: 0.377127852701981
Recall: 0.3915088672266617
F1: 0.3391111187209307

