Majority
Precision: 0.00825082514077359
Recall: 0.09083392837010035
F1: 0.015127548425821105

Random
Precision: 0.09198776072156323
Recall: 0.09166006716797803
F1: 0.09169760622989083

Stratified
Precision: 0.09108656078057698
Recall: 0.09108189641918832
F1: 0.09089181519713563

SVM
Precision: 0.48304397039657343
Recall: 0.4849976255470637
F1: 0.47801673848932463

