Majority
Precision: 0.07695415647568336
Recall: 0.27740611656963
F1: 0.12048502716475631

Random
Precision: 0.15423600126562348
Recall: 0.10136049649281438
F1: 0.11236327778581309

Stratified
Precision: 0.15176469825928607
Recall: 0.15105664706182104
F1: 0.151383538652073

SVM
Precision: 0.42541255051657373
Recall: 0.4208175177176373
F1: 0.39244577750172976

534

