Majority
Precision: 0.00825082514077359
Recall: 0.09083392837010035
F1: 0.015127548425821105

Random
Precision: 0.08954455504604086
Recall: 0.08934601758120117
F1: 0.08932064467964625

Stratified
Precision: 0.09029408966662991
Recall: 0.09042084188876627
F1: 0.09017495598915652

SVM
Precision: 0.32072004268760185
Recall: 0.3256467565656186
F1: 0.3184550152629476

