Majority
Precision: 0.0550590123474936
Recall: 0.23464656618574514
F1: 0.08918991620726305

Random
Precision: 0.11643595698743588
Recall: 0.035141112506192645
F1: 0.04848355630438031

Stratified
Precision: 0.11717319355088178
Recall: 0.11726372406037358
F1: 0.11720363184607153

SVM
Precision: 0.41873258616862025
Recall: 0.40821220970907773
F1: 0.37436208929351883

