Majority
Precision: 0.05918348402800988
Recall: 0.24327655450688043
F1: 0.09520566134364009

Random
Precision: 0.11593185615338752
Recall: 0.03448622445084211
F1: 0.04747392255640621

Stratified
Precision: 0.12047457689524929
Recall: 0.11965391725777752
F1: 0.12003067518758483

SVM
Precision: 0.4118444252095589
Recall: 0.40096612608429233
F1: 0.3678985197177522

